0
0
48
26
0
23
48
0
0
48
48
48
48
0
0
0
48
0
0
48
0
48
0
48
0
0
23
0
42
0
48
0
0
42
48
0
0
0
0
0
0
0
0
0
0
48
42
48
0
0
26
0
0
48
42
37
41
37
0
0
48
48
0
48
0
0
0
23
26
48
20
48
0
0
48
48
0
37
0
48
0
0
0
43
0
0
37
0
48
0
48
0
48
0
37
48
0
48
0
0
16
14
48
0
0
0
27
48
0
16
0
10
35
0
0
48
0
35
0
0
0
0
0
0
43
35
42
42
0
14
11
0
0
0
0
0
0
0
48
42
0
48
48
0
48
0
0
48
14
0
0
0
0
35
48
0
42
14
0
48
0
0
45
48
20
48
17
48
3
48
0
48
0
0
41
0
42
0
35
41
41
41
23
41
48
42
48
48
26
0
0
0
0
42
0
42
48
23
42
0
48
0
0
0
48
42
48
42
48
23
23
0
0
7
0
0
48
48
14
48
42
42
0
0
0
48
42
42
14
0
14
47
48
47
0
0
0
48
48
48
0
48
48
42
0
0
0
0
41
0
0
0
0
0
48
0
14
17
41
0
0
0
0
42
0
42
0
42
42
47
48
14
49
41
0
42
42
41
0
41
48
0
0
0
48
9
41
0
41
24
0
42
48
0
42
42
0
12
48
48
23
48
42
0
41
0
48
0
23
0
0
42
0
14
0
23
19
0
0
0
42
41
24
0
42
0
0
0
18
25
18
48
48
42
0
48
42
48
20
48
48
48
0
0
42
48
24
39
0
14
14
41
41
41
0
0
40
0
0
42
48
0
0
0
41
4
0
14
48
44
0
0
0
12
48
28
0
48
0
0
42
42
30
23
14
48
40
48
26
0
48
38
48
12
26
37
35
48
42
0
41
0
48
42
40
0
42
42
42
48
0
0
48
0
35
0
48
0
43
24
0
0
23
15
0
0
23
14
0
41
25
0
0
24
0
0
0
41
0
0
48
48
5
41
0
41
0
42
44
8
0
48
0
0
0
48
0
20
0
41
0
44
0
0
48
48
0
48
42
0
0
0
0
48
48
41
0
48
48
48
41
48
48
0
0
0
42
7
23
40
48
48
42
20
48
42
0
0
10
48
41
0
42
49
14
33
21
40
23
23
0
0
41
42
43
49
12
26
41
0
0
42
48
12
0
35
0
14
0
1
42
0
48
48
42
41
43
0
23
47
48
42
0
42
49
6
0
48
23
24
48
0
0
42
48
0
0
29
14
42
42
42
42
48
26
48
23
0
0
48
48
0
26
48
41
41
36
2
41
0
37
0
3
48
0
48
36
32
35
0
48
24
41
0
48
14
0
0
41
34
14
48
0
0
0
42
41
22
42
5
48
0
41
24
13
0
48
20
41
0
41
41
7
23
41
46
0
0
23
42
31
41
48
48
48
48
42
26
48
0
48
48
42
0
14
35
41
41
41
0
0
0
25
48
41
0
0
48
41
42
48
0
23
42
48
